[-1, 9.0, 29.0, 38.0, 61.0, 67.0, 57.0, 82.0, 80.0, 94.0, 105.0, 125.0, 131.0, 139.0, 154.0, 150.0, 149.0, 156.0, 162.0, 169.0, 176.0, 5.0, 13.0, 28.0, 41.0, 52.0, 71.0, 84.0, 95.0, 109.0, 127.0, 139.0, 9.0, -1, 20.0, 29.0, 53.0, 59.0, 49.0, 74.0, 72.0, 86.0, 97.0, 117.0, 123.0, 131.0, 146.0, 142.0, 141.0, 148.0, 154.0, 161.0, 168.0, 13.0, 5.0, 20.0, 33.0, 44.0, 63.0, 76.0, 87.0, 101.0, 119.0, 131.0, 29.0, 20.0, -1, 9.0, 35.0, 49.0, 59.0, 84.0, 86.0, 100.0, 111.0, 131.0, 137.0, 145.0, 160.0, 156.0, 155.0, 162.0, 168.0, 175.0, 182.0, 33.0, 25.0, 34.0, 47.0, 58.0, 77.0, 90.0, 101.0, 115.0, 133.0, 145.0, 38.0, 29.0, 9.0, -1, 26.0, 40.0, 50.0, 75.0, 83.0, 97.0, 108.0, 128.0, 134.0, 142.0, 157.0, 153.0, 152.0, 159.0, 165.0, 172.0, 179.0, 42.0, 34.0, 43.0, 46.0, 55.0, 74.0, 87.0, 98.0, 112.0, 130.0, 142.0, 61.0, 53.0, 35.0, 26.0, -1, 14.0, 24.0, 49.0, 57.0, 71.0, 82.0, 102.0, 108.0, 116.0, 131.0, 127.0, 126.0, 133.0, 139.0, 146.0, 153.0, 56.0, 48.0, 33.0, 20.0, 29.0, 48.0, 61.0, 72.0, 86.0, 104.0, 116.0, 67.0, 59.0, 49.0, 40.0, 14.0, -1, 10.0, 35.0, 43.0, 57.0, 68.0, 88.0, 94.0, 102.0, 117.0, 113.0, 112.0, 119.0, 125.0, 132.0, 139.0, 62.0, 54.0, 39.0, 26.0, 15.0, 34.0, 47.0, 58.0, 72.0, 90.0, 102.0, 57.0, 49.0, 59.0, 50.0, 24.0, 10.0, -1, 25.0, 33.0, 47.0, 58.0, 78.0, 84.0, 92.0, 107.0, 103.0, 102.0, 109.0, 115.0, 122.0, 129.0, 52.0, 44.0, 29.0, 16.0, 5.0, 24.0, 37.0, 48.0, 62.0, 80.0, 92.0, 82.0, 74.0, 84.0, 75.0, 49.0, 35.0, 25.0, -1, 10.0, 24.0, 35.0, 57.0, 63.0, 78.0, 93.0, 98.0, 97.0, 104.0, 110.0, 117.0, 124.0, 77.0, 69.0, 54.0, 41.0, 30.0, 19.0, 32.0, 43.0, 57.0, 75.0, 87.0, 80.0, 72.0, 86.0, 83.0, 57.0, 43.0, 33.0, 10.0, -1, 14.0, 25.0, 47.0, 53.0, 68.0, 83.0, 88.0, 87.0, 94.0, 100.0, 107.0, 114.0, 75.0, 67.0, 52.0, 39.0, 28.0, 9.0, 22.0, 33.0, 47.0, 65.0, 77.0, 94.0, 86.0, 100.0, 97.0, 71.0, 57.0, 47.0, 24.0, 14.0, -1, 11.0, 33.0, 39.0, 54.0, 69.0, 92.0, 101.0, 108.0, 114.0, 121.0, 128.0, 89.0, 81.0, 66.0, 53.0, 42.0, 23.0, 36.0, 47.0, 61.0, 79.0, 91.0, 105.0, 97.0, 111.0, 108.0, 82.0, 68.0, 58.0, 35.0, 25.0, 11.0, -1, 22.0, 28.0, 43.0, 58.0, 81.0, 106.0, 113.0, 119.0, 126.0, 133.0, 100.0, 92.0, 77.0, 64.0, 53.0, 34.0, 47.0, 52.0, 66.0, 84.0, 96.0, 125.0, 117.0, 131.0, 128.0, 102.0, 88.0, 78.0, 57.0, 47.0, 33.0, 22.0, -1, 6.0, 21.0, 36.0, 59.0, 84.0, 91.0, 97.0, 104.0, 111.0, 120.0, 112.0, 97.0, 84.0, 73.0, 54.0, 41.0, 30.0, 44.0, 62.0, 74.0, 131.0, 123.0, 137.0, 134.0, 108.0, 94.0, 84.0, 63.0, 53.0, 39.0, 28.0, 6.0, -1, 15.0, 30.0, 53.0, 78.0, 85.0, 91.0, 98.0, 105.0, 126.0, 118.0, 103.0, 90.0, 79.0, 60.0, 47.0, 36.0, 45.0, 63.0, 75.0, 139.0, 131.0, 145.0, 142.0, 116.0, 102.0, 92.0, 78.0, 68.0, 54.0, 43.0, 21.0, 15.0, -1, 15.0, 38.0, 63.0, 70.0, 76.0, 83.0, 90.0, 134.0, 126.0, 111.0, 98.0, 87.0, 68.0, 55.0, 44.0, 30.0, 48.0, 60.0, 154.0, 146.0, 160.0, 157.0, 131.0, 117.0, 107.0, 93.0, 83.0, 69.0, 58.0, 36.0, 30.0, 15.0, -1, 23.0, 48.0, 55.0, 61.0, 68.0, 75.0, 149.0, 141.0, 126.0, 113.0, 102.0, 83.0, 70.0, 59.0, 45.0, 46.0, 58.0, 150.0, 142.0, 156.0, 153.0, 127.0, 113.0, 103.0, 98.0, 88.0, 92.0, 81.0, 59.0, 53.0, 38.0, 23.0, -1, 25.0, 32.0, 38.0, 45.0, 52.0, 145.0, 137.0, 122.0, 109.0, 98.0, 79.0, 66.0, 55.0, 41.0, 23.0, 35.0, 149.0, 141.0, 155.0, 152.0, 126.0, 112.0, 102.0, 97.0, 87.0, 101.0, 106.0, 84.0, 78.0, 63.0, 48.0, 25.0, -1, 7.0, 13.0, 20.0, 27.0, 144.0, 136.0, 121.0, 108.0, 97.0, 78.0, 65.0, 54.0, 40.0, 22.0, 10.0, 156.0, 148.0, 162.0, 159.0, 133.0, 119.0, 109.0, 104.0, 94.0, 108.0, 113.0, 91.0, 85.0, 70.0, 55.0, 32.0, 7.0, -1, 6.0, 13.0, 20.0, 151.0, 143.0, 128.0, 115.0, 104.0, 85.0, 72.0, 61.0, 47.0, 29.0, 17.0, 162.0, 154.0, 168.0, 165.0, 139.0, 125.0, 115.0, 110.0, 100.0, 114.0, 119.0, 97.0, 91.0, 76.0, 61.0, 38.0, 13.0, 6.0, -1, 7.0, 14.0, 157.0, 149.0, 134.0, 121.0, 110.0, 91.0, 78.0, 67.0, 53.0, 35.0, 23.0, 169.0, 161.0, 175.0, 172.0, 146.0, 132.0, 122.0, 117.0, 107.0, 121.0, 126.0, 104.0, 98.0, 83.0, 68.0, 45.0, 20.0, 13.0, 7.0, -1, 7.0, 164.0, 156.0, 141.0, 128.0, 117.0, 98.0, 85.0, 74.0, 60.0, 42.0, 30.0, 176.0, 168.0, 182.0, 179.0, 153.0, 139.0, 129.0, 124.0, 114.0, 128.0, 133.0, 111.0, 105.0, 90.0, 75.0, 52.0, 27.0, 20.0, 14.0, 7.0, -1, 171.0, 163.0, 148.0, 135.0, 124.0, 105.0, 92.0, 81.0, 67.0, 49.0, 37.0, 5.0, 13.0, 33.0, 42.0, 56.0, 62.0, 52.0, 77.0, 75.0, 89.0, 100.0, 120.0, 126.0, 134.0, 149.0, 145.0, 144.0, 151.0, 157.0, 164.0, 171.0, -1, 8.0, 23.0, 36.0, 47.0, 66.0, 79.0, 90.0, 104.0, 122.0, 134.0, 13.0, 5.0, 25.0, 34.0, 48.0, 54.0, 44.0, 69.0, 67.0, 81.0, 92.0, 112.0, 118.0, 126.0, 141.0, 137.0, 136.0, 143.0, 149.0, 156.0, 163.0, 8.0, -1, 15.0, 28.0, 39.0, 58.0, 71.0, 82.0, 96.0, 114.0, 126.0, 28.0, 20.0, 34.0, 43.0, 33.0, 39.0, 29.0, 54.0, 52.0, 66.0, 77.0, 97.0, 103.0, 111.0, 126.0, 122.0, 121.0, 128.0, 134.0, 141.0, 148.0, 23.0, 15.0, -1, 13.0, 24.0, 43.0, 56.0, 67.0, 81.0, 99.0, 111.0, 41.0, 33.0, 47.0, 46.0, 20.0, 26.0, 16.0, 41.0, 39.0, 53.0, 64.0, 84.0, 90.0, 98.0, 113.0, 109.0, 108.0, 115.0, 121.0, 128.0, 135.0, 36.0, 28.0, 13.0, -1, 11.0, 30.0, 43.0, 54.0, 68.0, 86.0, 98.0, 52.0, 44.0, 58.0, 55.0, 29.0, 15.0, 5.0, 30.0, 28.0, 42.0, 53.0, 73.0, 79.0, 87.0, 102.0, 98.0, 97.0, 104.0, 110.0, 117.0, 124.0, 47.0, 39.0, 24.0, 11.0, -1, 19.0, 32.0, 43.0, 57.0, 75.0, 87.0, 71.0, 63.0, 77.0, 74.0, 48.0, 34.0, 24.0, 19.0, 9.0, 23.0, 34.0, 54.0, 60.0, 68.0, 83.0, 79.0, 78.0, 85.0, 91.0, 98.0, 105.0, 66.0, 58.0, 43.0, 30.0, 19.0, -1, 13.0, 24.0, 38.0, 56.0, 68.0, 84.0, 76.0, 90.0, 87.0, 61.0, 47.0, 37.0, 32.0, 22.0, 36.0, 47.0, 41.0, 47.0, 55.0, 70.0, 66.0, 65.0, 72.0, 78.0, 85.0, 92.0, 79.0, 71.0, 56.0, 43.0, 32.0, 13.0, -1, 11.0, 25.0, 43.0, 55.0, 95.0, 87.0, 101.0, 98.0, 72.0, 58.0, 48.0, 43.0, 33.0, 47.0, 52.0, 30.0, 36.0, 44.0, 59.0, 55.0, 54.0, 61.0, 67.0, 74.0, 81.0, 90.0, 82.0, 67.0, 54.0, 43.0, 24.0, 11.0, -1, 14.0, 32.0, 44.0, 109.0, 101.0, 115.0, 112.0, 86.0, 72.0, 62.0, 57.0, 47.0, 61.0, 66.0, 44.0, 45.0, 30.0, 45.0, 41.0, 40.0, 47.0, 53.0, 60.0, 67.0, 104.0, 96.0, 81.0, 68.0, 57.0, 38.0, 25.0, 14.0, -1, 18.0, 30.0, 127.0, 119.0, 133.0, 130.0, 104.0, 90.0, 80.0, 75.0, 65.0, 79.0, 84.0, 62.0, 63.0, 48.0, 46.0, 23.0, 22.0, 29.0, 35.0, 42.0, 49.0, 122.0, 114.0, 99.0, 86.0, 75.0, 56.0, 43.0, 32.0, 18.0, -1, 12.0, 139.0, 131.0, 145.0, 142.0, 116.0, 102.0, 92.0, 87.0, 77.0, 91.0, 96.0, 74.0, 75.0, 60.0, 58.0, 35.0, 10.0, 17.0, 23.0, 30.0, 37.0, 134.0, 126.0, 111.0, 98.0, 87.0, 68.0, 55.0, 44.0, 30.0, 12.0, -1]