[-1, 23, 73, 95, 307, 480, 445, 532, 715, 755, 788, 970, 993, 1117, 1169, 1375, 1480, 1503, 1526, 1549, 1572, 0, 40, 160, 290, 430, 700, 820, 930, 1070, 1350, 1480, 23, -1, 50, 72, 277, 450, 415, 502, 685, 725, 758, 940, 963, 1087, 1139, 1345, 1450, 1473, 1496, 1519, 1542, 40, 0, 130, 260, 400, 670, 790, 900, 1040, 1320, 1450, 73, 50, -1, 23, 112, 155, 190, 277, 589, 629, 662, 844, 867, 991, 1043, 1249, 1354, 1377, 1400, 1423, 1446, 90, 50, 34, 164, 304, 574, 694, 804, 944, 1224, 1354, 95, 72, 23, -1, 89, 132, 167, 254, 467, 507, 540, 722, 745, 869, 921, 1127, 1232, 1255, 1278, 1301, 1324, 112, 72, 57, 106, 182, 452, 572, 682, 822, 1102, 1232, 307, 277, 112, 89, -1, 43, 78, 165, 378, 418, 451, 633, 656, 780, 832, 1038, 1143, 1166, 1189, 1212, 1235, 317, 277, 147, 17, 93, 363, 483, 593, 733, 1013, 1143, 480, 450, 155, 132, 43, -1, 35, 122, 335, 375, 408, 590, 613, 737, 789, 995, 1100, 1123, 1146, 1169, 1192, 490, 450, 320, 190, 50, 320, 440, 550, 690, 970, 1100, 445, 415, 190, 167, 78, 35, -1, 87, 300, 340, 373, 555, 578, 702, 754, 960, 1065, 1088, 1111, 1134, 1157, 455, 415, 285, 155, 15, 285, 405, 515, 655, 935, 1065, 532, 502, 277, 254, 165, 122, 87, -1, 32, 72, 105, 184, 207, 261, 313, 722, 837, 860, 883, 906, 929, 542, 502, 372, 242, 102, 47, 177, 277, 427, 697, 837, 715, 685, 589, 467, 378, 335, 300, 32, -1, 40, 73, 152, 175, 229, 281, 690, 805, 828, 851, 874, 897, 725, 685, 555, 425, 285, 15, 145, 245, 395, 665, 805, 755, 725, 629, 507, 418, 375, 340, 72, 40, -1, 33, 112, 135, 189, 241, 328, 845, 868, 891, 914, 937, 765, 725, 595, 465, 325, 55, 185, 285, 435, 705, 845, 788, 758, 662, 540, 451, 408, 373, 105, 73, 33, -1, 79, 102, 156, 208, 295, 679, 702, 725, 748, 771, 798, 758, 628, 498, 358, 88, 218, 119, 269, 539, 679, 970, 940, 844, 722, 633, 590, 555, 184, 152, 112, 79, -1, 23, 77, 129, 216, 600, 623, 646, 669, 692, 980, 940, 810, 680, 540, 270, 150, 40, 190, 460, 600, 993, 963, 867, 745, 656, 613, 578, 207, 175, 135, 102, 23, -1, 54, 106, 193, 279, 302, 325, 348, 371, 1003, 963, 833, 703, 563, 293, 173, 63, 101, 381, 511, 1117, 1087, 991, 869, 780, 737, 702, 261, 229, 189, 156, 77, 54, -1, 52, 139, 225, 248, 271, 294, 317, 1127, 1087, 957, 827, 687, 427, 297, 197, 47, 327, 457, 1169, 1139, 1043, 921, 832, 789, 754, 313, 281, 241, 208, 129, 106, 52, -1, 87, 173, 196, 219, 242, 265, 1179, 1139, 1009, 879, 739, 479, 349, 249, 99, 112, 252, 1375, 1345, 1249, 1127, 1038, 995, 960, 722, 690, 328, 295, 216, 193, 139, 87, -1, 86, 109, 132, 155, 178, 1385, 1345, 1215, 1085, 945, 675, 555, 445, 305, 25, 165, 1480, 1450, 1354, 1232, 1143, 1100, 1065, 837, 805, 845, 679, 600, 279, 225, 173, 86, -1, 23, 46, 69, 92, 1490, 1450, 1320, 1190, 1050, 790, 660, 560, 410, 140, 0, 1503, 1473, 1377, 1255, 1166, 1123, 1088, 860, 828, 868, 702, 623, 302, 248, 196, 109, 23, -1, 23, 46, 69, 1513, 1473, 1343, 1213, 1073, 813, 683, 583, 433, 163, 23, 1526, 1496, 1400, 1278, 1189, 1146, 1111, 883, 851, 891, 725, 646, 325, 271, 219, 132, 46, 23, -1, 23, 46, 1536, 1496, 1366, 1236, 1096, 836, 706, 606, 456, 186, 46, 1549, 1519, 1423, 1301, 1212, 1169, 1134, 906, 874, 914, 748, 669, 348, 294, 242, 155, 69, 46, 23, -1, 23, 1559, 1519, 1389, 1259, 1119, 859, 729, 629, 479, 209, 69, 1572, 1542, 1446, 1324, 1235, 1192, 1157, 929, 897, 937, 771, 692, 371, 317, 265, 178, 92, 69, 46, 23, -1, 1582, 1542, 1412, 1282, 1142, 882, 752, 652, 502, 232, 92, 0, 40, 90, 112, 317, 490, 455, 542, 725, 765, 798, 980, 1003, 1127, 1179, 1385, 1490, 1513, 1536, 1559, 1582, -1, 40, 160, 290, 430, 700, 820, 930, 1070, 1350, 1480, 40, 0, 50, 72, 277, 450, 415, 502, 685, 725, 758, 940, 963, 1087, 1139, 1345, 1450, 1473, 1496, 1519, 1542, 40, -1, 130, 260, 400, 670, 790, 900, 1040, 1320, 1450, 160, 130, 34, 57, 147, 320, 285, 372, 555, 595, 628, 810, 833, 957, 1009, 1215, 1320, 1343, 1366, 1389, 1412, 160, 130, -1, 130, 270, 540, 660, 770, 910, 1190, 1320, 290, 260, 164, 106, 17, 190, 155, 242, 425, 465, 498, 680, 703, 827, 879, 1085, 1190, 1213, 1236, 1259, 1282, 290, 260, 130, -1, 140, 410, 530, 640, 780, 1060, 1190, 430, 400, 304, 182, 93, 50, 15, 102, 285, 325, 358, 540, 563, 687, 739, 945, 1050, 1073, 1096, 1119, 1142, 430, 400, 270, 140, -1, 270, 390, 500, 640, 920, 1050, 700, 670, 574, 452, 363, 320, 285, 47, 15, 55, 88, 270, 293, 427, 479, 675, 790, 813, 836, 859, 882, 700, 670, 540, 410, 270, -1, 130, 230, 380, 650, 790, 820, 790, 694, 572, 483, 440, 405, 177, 145, 185, 218, 150, 173, 297, 349, 555, 660, 683, 706, 729, 752, 820, 790, 660, 530, 390, 130, -1, 110, 250, 530, 660, 930, 900, 804, 682, 593, 550, 515, 277, 245, 285, 119, 40, 63, 197, 249, 445, 560, 583, 606, 629, 652, 930, 900, 770, 640, 500, 230, 110, -1, 150, 420, 560, 1070, 1040, 944, 822, 733, 690, 655, 427, 395, 435, 269, 190, 101, 47, 99, 305, 410, 433, 456, 479, 502, 1070, 1040, 910, 780, 640, 380, 250, 150, -1, 280, 410, 1350, 1320, 1224, 1102, 1013, 970, 935, 697, 665, 705, 539, 460, 381, 327, 112, 25, 140, 163, 186, 209, 232, 1350, 1320, 1190, 1060, 920, 650, 530, 420, 280, -1, 140, 1480, 1450, 1354, 1232, 1143, 1100, 1065, 837, 805, 845, 679, 600, 511, 457, 252, 165, 0, 23, 46, 69, 92, 1480, 1450, 1320, 1190, 1050, 790, 660, 560, 410, 140, -1]